0000
0004
0005
0006
0007
0008
0009
0010
0011
0013
0014
0015
0016
0017
0019
0020
0021
0022
0023
0024
0025
0028
0029
0030
0033
0034
0035
0036
0037
0038
0042
0043
0044
0046
0047
0048
0049
0053
0054
0055
0056
0060
0062
0063
0064
0066
0067
0068
0069
0070
0079
0080
0081
0083
0086
0089
0090
0091
0092
0093
0094
0095
0096
0097
0098
0099
0100
0101
0105
0106
0108
0113
0119
0120
0121
0122
0123
0124
0125
0126
0127
0128
0129
0131
0132
0135
0139
0140
0141
0142
0143
0144
0145
0146
0148
0150
0151
0153
0158
0161
0162
0163
0166
0168
0169
0170
0171
0173
0175
0176
0177
0179
0180
0182
0183
0185
0186
0187
0188
0190
0191
0192
0193
0196
0197
0198
0199
0200
0202
0203
0204
0205
0207
0208
0209
0212
0213
0214
0215
0216
0217
0218
0219
0220
0221
0222
0223
0224
0225
0226
0227
0231
0232
0233
0234
0235
0237
0238
0239
0240
0241
0242
0244
0245
0246
0247
0248
0249
0252
0253
0254
0255
0256
0258
0261
0262
0263
0264
0265
0267
0269
0270
0271
0272
0273
0274
0275
0277
0280
0281
0285
0288
0289
0290
0291
0292
0294
0296
0297
0299
0300
0301
0302
0306
0307
0308
0309
0310
0311
0313
0315
0318
0319
0320
0322
0323
0325
0326
0327
0329
0331
0332
0333
0334
0339
0340
0341
0342
0343
0346
0347
0350
0353
0354
0355
0358
0363
0365
0367
0368
0369
0370
0371
0372
0373
0374
0375
0378
0379
0380
0381
0382
0385
0386
0387
0389
0390
0391
0392
0393
0395
0396
0397
0398
0399
0401
0402
0403
0404
0406
0409
0410
0411
0412
0414
0415
0420
0423
0424
0425
0426
0427
0429
0430
0431
0432
0433
0435
0436
0437
0438
0439
0440
0441
0442
0444
0445
0446
0447
0449
0450
0451
0452
0453
0455
0456
0457
0458
0460
0461
0463
0465
0466
0468
0470
0471
0472
0477
0478
0480
0482
0484
0487
0490
0491
0492
0493
0496
0497
0499
0500
0504
0505
0507
0509
0510
0511
0513
0514
0515
0516
0517
0518
0519
0521
0523
0524
0526
0527
0528
0529
0531
0533
0534
0535
0536
0537
0538
0540
0543
0544
0547
0548
0549
0550
0551
0552
0554
0555
0556
0557
0559
0560
0563
0564
0566
0567
0568
0570
0571
0573
0575
0577
0579
0582
0587
0591
0592
0593
0595
0596
0597
0598
0600
0601
0602
0603
0604
0606
0607
0608
0609
0610
0611
0613
0614
0615
0616
0618
0619
0620
0621
0622
0624
0625
0626
0627
0628
0629
0630
0631
0632
0633
0635
0636
0637
0639
0640
0642
0643
0644
0646
0649
0651
0652
0653
0654
0656
0657
0659
0660
0662
0663
0664
0666
0667
0669
0670
0671
0673
0674
0675
0676
0677
0678
0679
0681
0682
0683
0684
0686
0687
0688
0689
0691
0694
0695
0696
0697
0698
0700
0701
0704
0707
0710
0712
0714
0715
0718
0719
0721
0722
0723
0724
0725
0726
0729
0731
0732
0733
0734
0735
0737
0738
0739
0740
0742
0744
0746
0747
0749
0751
0752
0753
0754
0755
0758
0759
0760
0761
0762
0764
0765
0766
0767
0769
0770
0771
0772
0773
0775
0776
0778
0779
0780
0781
0782
0784
0786
0787
0788
0789
0790
0792
0793
0794
0795
0796
0797
0798
0799
0801
0804
0807
0808
0810
0813
0816
0818
0819
0820
0821
0822
0825
0827
0828
0831
0832
0834
0836
0837
0838
0839
0840
0841
0842
0843
0844
0845
0846
0847
0849
0850
0852
0853
0854
0855
0860
0862
0863
0866
0867
0868
0870
0872
0873
0875
0877
0879
0881
0882
0884
0886
0887
0888
0889
0890
0891
0892
0894
0895
0897
0898
0899
0900
0901
0904
0905
0906
0907
0908
0910
0912
0914
0915
0917
0918
0920
0921
0922
0923
0924
0925
0928
0929
0932
0934
0936
0937
0938
0941
0942
0944
0947
0948
0949
0951
0952
0954
0955
0957
0958
0959
0960
0961
0962
0963
0964
0965
0967
0968
0969
0970
0974
0975
0976
0982
0985
0986
0988
0990
0992
0993
0994
0996
0997
0998
0999
1000
1001
1003
1004
1005
1006
1008
1011
1012
1014
1015
1017
1018
1019
1020
1021
1022
1023
1025
1026
1027
1028
1030
1031
1032
1033
1034
1036
1037
1038
1039
1042
1043
1044
1045
1046
1049
1050
1052
1053
1055
1057
1058
1061
1064
1065
1067
1068
1069
1072
1075
1076
1077
1078
1079
1080
1081
1082
1083
1085
1087
1088
1091
1092
1093
1094
1095
1097
1098
1100
1105
1106
1107
1108
1109
1110
1114
1117
1118
1122
1126
1127
1129
1131
1134
1135
1136
1137
1138
1139
1140
1141
1144
1145
1146
1148
1149
1150
1151
1152
1153
1155
1157
1158
1159
1160
1163
1164
1165
1166
1167
1169
1170
1171
1172
1173
1174
1175
1177
1178
1179
1180
1181
1182
1184
1186
1187
1189
1190
1191
1192
1193
1194
1195
1196
1197
1198
1199
1200
1201
1202
1203
1204
1205
1207
1208
1211
1212
1213
1214
1215
1216
1219
1220
1224
1226
1227
1229
1231
1232
1234
1235
1236
1238
1241
1242
1243
1244
1246
1247
1249
1250
1253
1254
1255
1257
1259
1260
1262
1264
1267
1268
1269
1270
1272
1273
1275
1276
1278
1279
1282
1287
1288
1289
1291
1292
1294
1297
1298
1300
1302
1303
1304
1305
1306
1307
1308
1312
1313
1314
1316
1317
1319
1322
1323
1324
1326
1327
1328
1330
1332
1333
1334
1336
1338
1339
1342
1343
1344
1347
1350
1352
1354
1356
1357
1358
1359
1360
1361
1363
1364
1367
1368
1369
1371
1372
1373
1375
1379
1380
1381
1383
1384
1386
1387
1388
1389
1390
1391
1393
1394
1395
1396
1397
1399
1400
1401
1402
1403
1406
1407
1408
1409
1410
1411
1412
1414
1416
1418
1419
1421
1422
1423
1424
1428
1430
1432
1433
1434
1435
1437
1438
1440
1442
1443
1445
1446
1447
1449
1452
1453
1456
1457
1458
1459
1460
1461
1462
1463
1464
1467
1468
1469
1470
1471
1472
1474
1476
1478
1479
1480
1481
1482
1483
1484
1485
1487
1488
1490
1493
1494
1496
1497
1498
1499
1501
1502
1504
1507
1508
1511
1512
1513
1514
1516
1517
1518
1520
1521
1522
1524
1526
1527
1528
1530
1533
1534
1535
1537
1538
1539
1540
1541
1542
1543
1544
1545
1546
1549
1552
1557
1558
1559
1561
1568
1570
1571
1572
1573
1574
1575
1577
1578
1579
1581
1582
1584
1585
1587
1588
1590
1592
1594
1597
1598
1599
1600
1602
1603
1604
1605
1607
1608
1610
1611
1613
1614
1615
1617
1618
1619
1620
1621
1622
1623
1624
1625
1626
1627
1628
1630
1634
1635
1636
1639
1640
1641
1642
